image_width: 640
image_height: 480
camera_name: head_camera
camera_matrix:
  rows: 3
  cols: 3
  data: [577.4006557704271, 0, 320.5158753263366, 0, 576.579890545466, 282.2753977639929, 0, 0, 1]
distortion_model: plumb_bob
distortion_coefficients:
  rows: 1
  cols: 5
  data: [-0.4781452205126815, 0.2190178385688561, -0.002063303679914544, -6.1679178514503e-06, 0]
rectification_matrix:
  rows: 3
  cols: 3
  data: [1, 0, 0, 0, 1, 0, 0, 0, 1]
projection_matrix:
  rows: 3
  cols: 4
  data: [479.27001953125, 0, 320.7321835205948, 0, 0, 518.9411010742188, 290.2192011995539, 0, 0, 0, 1, 0]